<?xml version="1.0"?>
<opencv_storage>
<cMapAutumn type_id="opencv-matrix">
  <rows>1024</rows>
  <cols>3</cols>
  <dt>f</dt>
  <data>
    1. 0. 0.
    1. 0.00097752 0.
    1. 0.001955 0.
    1. 0.0029326 0.
    1. 0.0039101 0.
    1. 0.0048876 0.
    1. 0.0058651 0.
    1. 0.0068426 0.
    1. 0.0078201 0.
    1. 0.0087977 0.
    1. 0.0097752 0.
    1. 0.010753 0.
    1. 0.01173 0.
    1. 0.012708 0.
    1. 0.013685 0.
    1. 0.014663 0.
    1. 0.01564 0.
    1. 0.016618 0.
    1. 0.017595 0.
    1. 0.018573 0.
    1. 0.01955 0.
    1. 0.020528 0.
    1. 0.021505 0.
    1. 0.022483 0.
    1. 0.02346 0.
    1. 0.024438 0.
    1. 0.025415 0.
    1. 0.026393 0.
    1. 0.02737 0.
    1. 0.028348 0.
    1. 0.029326 0.
    1. 0.030303 0.
    1. 0.031281 0.
    1. 0.032258 0.
    1. 0.033236 0.
    1. 0.034213 0.
    1. 0.035191 0.
    1. 0.036168 0.
    1. 0.037146 0.
    1. 0.038123 0.
    1. 0.039101 0.
    1. 0.040078 0.
    1. 0.041056 0.
    1. 0.042033 0.
    1. 0.043011 0.
    1. 0.043988 0.
    1. 0.044966 0.
    1. 0.045943 0.
    1. 0.046921 0.
    1. 0.047898 0.
    1. 0.048876 0.
    1. 0.049853 0.
    1. 0.050831 0.
    1. 0.051808 0.
    1. 0.052786 0.
    1. 0.053763 0.
    1. 0.054741 0.
    1. 0.055718 0.
    1. 0.056696 0.
    1. 0.057674 0.
    1. 0.058651 0.
    1. 0.059629 0.
    1. 0.060606 0.
    1. 0.061584 0.
    1. 0.062561 0.
    1. 0.063539 0.
    1. 0.064516 0.
    1. 0.065494 0.
    1. 0.066471 0.
    1. 0.067449 0.
    1. 0.068426 0.
    1. 0.069404 0.
    1. 0.070381 0.
    1. 0.071359 0.
    1. 0.072336 0.
    1. 0.073314 0.
    1. 0.074291 0.
    1. 0.075269 0.
    1. 0.076246 0.
    1. 0.077224 0.
    1. 0.078201 0.
    1. 0.079179 0.
    1. 0.080156 0.
    1. 0.081134 0.
    1. 0.082111 0.
    1. 0.083089 0.
    1. 0.084066 0.
    1. 0.085044 0.
    1. 0.086022 0.
    1. 0.086999 0.
    1. 0.087977 0.
    1. 0.088954 0.
    1. 0.089932 0.
    1. 0.090909 0.
    1. 0.091887 0.
    1. 0.092864 0.
    1. 0.093842 0.
    1. 0.094819 0.
    1. 0.095797 0.
    1. 0.096774 0.
    1. 0.097752 0.
    1. 0.098729 0.
    1. 0.099707 0.
    1. 0.10068 0.
    1. 0.10166 0.
    1. 0.10264 0.
    1. 0.10362 0.
    1. 0.10459 0.
    1. 0.10557 0.
    1. 0.10655 0.
    1. 0.10753 0.
    1. 0.1085 0.
    1. 0.10948 0.
    1. 0.11046 0.
    1. 0.11144 0.
    1. 0.11241 0.
    1. 0.11339 0.
    1. 0.11437 0.
    1. 0.11535 0.
    1. 0.11632 0.
    1. 0.1173 0.
    1. 0.11828 0.
    1. 0.11926 0.
    1. 0.12023 0.
    1. 0.12121 0.
    1. 0.12219 0.
    1. 0.12317 0.
    1. 0.12414 0.
    1. 0.12512 0.
    1. 0.1261 0.
    1. 0.12708 0.
    1. 0.12805 0.
    1. 0.12903 0.
    1. 0.13001 0.
    1. 0.13099 0.
    1. 0.13196 0.
    1. 0.13294 0.
    1. 0.13392 0.
    1. 0.1349 0.
    1. 0.13587 0.
    1. 0.13685 0.
    1. 0.13783 0.
    1. 0.13881 0.
    1. 0.13978 0.
    1. 0.14076 0.
    1. 0.14174 0.
    1. 0.14272 0.
    1. 0.1437 0.
    1. 0.14467 0.
    1. 0.14565 0.
    1. 0.14663 0.
    1. 0.14761 0.
    1. 0.14858 0.
    1. 0.14956 0.
    1. 0.15054 0.
    1. 0.15152 0.
    1. 0.15249 0.
    1. 0.15347 0.
    1. 0.15445 0.
    1. 0.15543 0.
    1. 0.1564 0.
    1. 0.15738 0.
    1. 0.15836 0.
    1. 0.15934 0.
    1. 0.16031 0.
    1. 0.16129 0.
    1. 0.16227 0.
    1. 0.16325 0.
    1. 0.16422 0.
    1. 0.1652 0.
    1. 0.16618 0.
    1. 0.16716 0.
    1. 0.16813 0.
    1. 0.16911 0.
    1. 0.17009 0.
    1. 0.17107 0.
    1. 0.17204 0.
    1. 0.17302 0.
    1. 0.174 0.
    1. 0.17498 0.
    1. 0.17595 0.
    1. 0.17693 0.
    1. 0.17791 0.
    1. 0.17889 0.
    1. 0.17986 0.
    1. 0.18084 0.
    1. 0.18182 0.
    1. 0.1828 0.
    1. 0.18377 0.
    1. 0.18475 0.
    1. 0.18573 0.
    1. 0.18671 0.
    1. 0.18768 0.
    1. 0.18866 0.
    1. 0.18964 0.
    1. 0.19062 0.
    1. 0.19159 0.
    1. 0.19257 0.
    1. 0.19355 0.
    1. 0.19453 0.
    1. 0.1955 0.
    1. 0.19648 0.
    1. 0.19746 0.
    1. 0.19844 0.
    1. 0.19941 0.
    1. 0.20039 0.
    1. 0.20137 0.
    1. 0.20235 0.
    1. 0.20332 0.
    1. 0.2043 0.
    1. 0.20528 0.
    1. 0.20626 0.
    1. 0.20723 0.
    1. 0.20821 0.
    1. 0.20919 0.
    1. 0.21017 0.
    1. 0.21114 0.
    1. 0.21212 0.
    1. 0.2131 0.
    1. 0.21408 0.
    1. 0.21505 0.
    1. 0.21603 0.
    1. 0.21701 0.
    1. 0.21799 0.
    1. 0.21896 0.
    1. 0.21994 0.
    1. 0.22092 0.
    1. 0.2219 0.
    1. 0.22287 0.
    1. 0.22385 0.
    1. 0.22483 0.
    1. 0.22581 0.
    1. 0.22678 0.
    1. 0.22776 0.
    1. 0.22874 0.
    1. 0.22972 0.
    1. 0.23069 0.
    1. 0.23167 0.
    1. 0.23265 0.
    1. 0.23363 0.
    1. 0.2346 0.
    1. 0.23558 0.
    1. 0.23656 0.
    1. 0.23754 0.
    1. 0.23851 0.
    1. 0.23949 0.
    1. 0.24047 0.
    1. 0.24145 0.
    1. 0.24242 0.
    1. 0.2434 0.
    1. 0.24438 0.
    1. 0.24536 0.
    1. 0.24633 0.
    1. 0.24731 0.
    1. 0.24829 0.
    1. 0.24927 0.
    1. 0.25024 0.
    1. 0.25122 0.
    1. 0.2522 0.
    1. 0.25318 0.
    1. 0.25415 0.
    1. 0.25513 0.
    1. 0.25611 0.
    1. 0.25709 0.
    1. 0.25806 0.
    1. 0.25904 0.
    1. 0.26002 0.
    1. 0.261 0.
    1. 0.26197 0.
    1. 0.26295 0.
    1. 0.26393 0.
    1. 0.26491 0.
    1. 0.26588 0.
    1. 0.26686 0.
    1. 0.26784 0.
    1. 0.26882 0.
    1. 0.26979 0.
    1. 0.27077 0.
    1. 0.27175 0.
    1. 0.27273 0.
    1. 0.2737 0.
    1. 0.27468 0.
    1. 0.27566 0.
    1. 0.27664 0.
    1. 0.27761 0.
    1. 0.27859 0.
    1. 0.27957 0.
    1. 0.28055 0.
    1. 0.28152 0.
    1. 0.2825 0.
    1. 0.28348 0.
    1. 0.28446 0.
    1. 0.28543 0.
    1. 0.28641 0.
    1. 0.28739 0.
    1. 0.28837 0.
    1. 0.28935 0.
    1. 0.29032 0.
    1. 0.2913 0.
    1. 0.29228 0.
    1. 0.29326 0.
    1. 0.29423 0.
    1. 0.29521 0.
    1. 0.29619 0.
    1. 0.29717 0.
    1. 0.29814 0.
    1. 0.29912 0.
    1. 0.3001 0.
    1. 0.30108 0.
    1. 0.30205 0.
    1. 0.30303 0.
    1. 0.30401 0.
    1. 0.30499 0.
    1. 0.30596 0.
    1. 0.30694 0.
    1. 0.30792 0.
    1. 0.3089 0.
    1. 0.30987 0.
    1. 0.31085 0.
    1. 0.31183 0.
    1. 0.31281 0.
    1. 0.31378 0.
    1. 0.31476 0.
    1. 0.31574 0.
    1. 0.31672 0.
    1. 0.31769 0.
    1. 0.31867 0.
    1. 0.31965 0.
    1. 0.32063 0.
    1. 0.3216 0.
    1. 0.32258 0.
    1. 0.32356 0.
    1. 0.32454 0.
    1. 0.32551 0.
    1. 0.32649 0.
    1. 0.32747 0.
    1. 0.32845 0.
    1. 0.32942 0.
    1. 0.3304 0.
    1. 0.33138 0.
    1. 0.33236 0.
    1. 0.33333 0.
    1. 0.33431 0.
    1. 0.33529 0.
    1. 0.33627 0.
    1. 0.33724 0.
    1. 0.33822 0.
    1. 0.3392 0.
    1. 0.34018 0.
    1. 0.34115 0.
    1. 0.34213 0.
    1. 0.34311 0.
    1. 0.34409 0.
    1. 0.34506 0.
    1. 0.34604 0.
    1. 0.34702 0.
    1. 0.348 0.
    1. 0.34897 0.
    1. 0.34995 0.
    1. 0.35093 0.
    1. 0.35191 0.
    1. 0.35288 0.
    1. 0.35386 0.
    1. 0.35484 0.
    1. 0.35582 0.
    1. 0.35679 0.
    1. 0.35777 0.
    1. 0.35875 0.
    1. 0.35973 0.
    1. 0.3607 0.
    1. 0.36168 0.
    1. 0.36266 0.
    1. 0.36364 0.
    1. 0.36461 0.
    1. 0.36559 0.
    1. 0.36657 0.
    1. 0.36755 0.
    1. 0.36852 0.
    1. 0.3695 0.
    1. 0.37048 0.
    1. 0.37146 0.
    1. 0.37243 0.
    1. 0.37341 0.
    1. 0.37439 0.
    1. 0.37537 0.
    1. 0.37634 0.
    1. 0.37732 0.
    1. 0.3783 0.
    1. 0.37928 0.
    1. 0.38025 0.
    1. 0.38123 0.
    1. 0.38221 0.
    1. 0.38319 0.
    1. 0.38416 0.
    1. 0.38514 0.
    1. 0.38612 0.
    1. 0.3871 0.
    1. 0.38807 0.
    1. 0.38905 0.
    1. 0.39003 0.
    1. 0.39101 0.
    1. 0.39198 0.
    1. 0.39296 0.
    1. 0.39394 0.
    1. 0.39492 0.
    1. 0.39589 0.
    1. 0.39687 0.
    1. 0.39785 0.
    1. 0.39883 0.
    1. 0.3998 0.
    1. 0.40078 0.
    1. 0.40176 0.
    1. 0.40274 0.
    1. 0.40371 0.
    1. 0.40469 0.
    1. 0.40567 0.
    1. 0.40665 0.
    1. 0.40762 0.
    1. 0.4086 0.
    1. 0.40958 0.
    1. 0.41056 0.
    1. 0.41153 0.
    1. 0.41251 0.
    1. 0.41349 0.
    1. 0.41447 0.
    1. 0.41544 0.
    1. 0.41642 0.
    1. 0.4174 0.
    1. 0.41838 0.
    1. 0.41935 0.
    1. 0.42033 0.
    1. 0.42131 0.
    1. 0.42229 0.
