<?xml version="1.0"?>
<opencv_storage>
<cMapWinter type_id="opencv-matrix">
  <rows>1024</rows>
  <cols>3</cols>
  <dt>f</dt>
  <data>
    0. 0. 1.
    0. 0.00097752 0.99951
    0. 0.001955 0.99902
    0. 0.0029326 0.99853
    0. 0.0039101 0.99804
    0. 0.0048876 0.99756
    0. 0.0058651 0.99707
    0. 0.0068426 0.99658
    0. 0.0078201 0.99609
    0. 0.0087977 0.9956
    0. 0.0097752 0.99511
    0. 0.010753 0.99462
    0. 0.01173 0.99413
    0. 0.012708 0.99365
    0. 0.013685 0.99316
    0. 0.014663 0.99267
    0. 0.01564 0.99218
    0. 0.016618 0.99169
    0. 0.017595 0.9912
    0. 0.018573 0.99071
    0. 0.01955 0.99022
    0. 0.020528 0.98974
    0. 0.021505 0.98925
    0. 0.022483 0.98876
    0. 0.02346 0.98827
    0. 0.024438 0.98778
    0. 0.025415 0.98729
    0. 0.026393 0.9868
    0. 0.02737 0.98631
    0. 0.028348 0.98583
    0. 0.029326 0.98534
    0. 0.030303 0.98485
    0. 0.031281 0.98436
    0. 0.032258 0.98387
    0. 0.033236 0.98338
    0. 0.034213 0.98289
    0. 0.035191 0.9824
    0. 0.036168 0.98192
    0. 0.037146 0.98143
    0. 0.038123 0.98094
    0. 0.039101 0.98045
    0. 0.040078 0.97996
    0. 0.041056 0.97947
    0. 0.042033 0.97898
    0. 0.043011 0.97849
    0. 0.043988 0.97801
    0. 0.044966 0.97752
    0. 0.045943 0.97703
    0. 0.046921 0.97654
    0. 0.047898 0.97605
    0. 0.048876 0.97556
    0. 0.049853 0.97507
    0. 0.050831 0.97458
    0. 0.051808 0.9741
    0. 0.052786 0.97361
    0. 0.053763 0.97312
    0. 0.054741 0.97263
    0. 0.055718 0.97214
    0. 0.056696 0.97165
    0. 0.057674 0.97116
    0. 0.058651 0.97067
    0. 0.059629 0.97019
    0. 0.060606 0.9697
    0. 0.061584 0.96921
    0. 0.062561 0.96872
    0. 0.063539 0.96823
    0. 0.064516 0.96774
    0. 0.065494 0.96725
    0. 0.066471 0.96676
    0. 0.067449 0.96628
    0. 0.068426 0.96579
    0. 0.069404 0.9653
    0. 0.070381 0.96481
    0. 0.071359 0.96432
    0. 0.072336 0.96383
    0. 0.073314 0.96334
    0. 0.074291 0.96285
    0. 0.075269 0.96237
    0. 0.076246 0.96188
    0. 0.077224 0.96139
    0. 0.078201 0.9609
    0. 0.079179 0.96041
    0. 0.080156 0.95992
    0. 0.081134 0.95943
    0. 0.082111 0.95894
    0. 0.083089 0.95846
    0. 0.084066 0.95797
    0. 0.085044 0.95748
    0. 0.086022 0.95699
    0. 0.086999 0.9565
    0. 0.087977 0.95601
    0. 0.088954 0.95552
    0. 0.089932 0.95503
    0. 0.090909 0.95455
    0. 0.091887 0.95406
    0. 0.092864 0.95357
    0. 0.093842 0.95308
    0. 0.094819 0.95259
    0. 0.095797 0.9521
    0. 0.096774 0.95161
    0. 0.097752 0.95112
    0. 0.098729 0.95064
    0. 0.099707 0.95015
    0. 0.10068 0.94966
    0. 0.10166 0.94917
    0. 0.10264 0.94868
    0. 0.10362 0.94819
    0. 0.10459 0.9477
    0. 0.10557 0.94721
    0. 0.10655 0.94673
    0. 0.10753 0.94624
    0. 0.1085 0.94575
    0. 0.10948 0.94526
    0. 0.11046 0.94477
    0. 0.11144 0.94428
    0. 0.11241 0.94379
    0. 0.11339 0.9433
    0. 0.11437 0.94282
    0. 0.11535 0.94233
    0. 0.11632 0.94184
    0. 0.1173 0.94135
    0. 0.11828 0.94086
    0. 0.11926 0.94037
    0. 0.12023 0.93988
    0. 0.12121 0.93939
    0. 0.12219 0.93891
    0. 0.12317 0.93842
    0. 0.12414 0.93793
    0. 0.12512 0.93744
    0. 0.1261 0.93695
    0. 0.12708 0.93646
    0. 0.12805 0.93597
    0. 0.12903 0.93548
    0. 0.13001 0.935
    0. 0.13099 0.93451
    0. 0.13196 0.93402
    0. 0.13294 0.93353
    0. 0.13392 0.93304
    0. 0.1349 0.93255
    0. 0.13587 0.93206
    0. 0.13685 0.93157
    0. 0.13783 0.93109
    0. 0.13881 0.9306
    0. 0.13978 0.93011
    0. 0.14076 0.92962
    0. 0.14174 0.92913
    0. 0.14272 0.92864
    0. 0.1437 0.92815
    0. 0.14467 0.92766
    0. 0.14565 0.92717
    0. 0.14663 0.92669
    0. 0.14761 0.9262
    0. 0.14858 0.92571
    0. 0.14956 0.92522
    0. 0.15054 0.92473
    0. 0.15152 0.92424
    0. 0.15249 0.92375
    0. 0.15347 0.92326
    0. 0.15445 0.92278
    0. 0.15543 0.92229
    0. 0.1564 0.9218
    0. 0.15738 0.92131
    0. 0.15836 0.92082
    0. 0.15934 0.92033
    0. 0.16031 0.91984
    0. 0.16129 0.91935
    0. 0.16227 0.91887
    0. 0.16325 0.91838
    0. 0.16422 0.91789
    0. 0.1652 0.9174
    0. 0.16618 0.91691
    0. 0.16716 0.91642
    0. 0.16813 0.91593
    0. 0.16911 0.91544
    0. 0.17009 0.91496
    0. 0.17107 0.91447
    0. 0.17204 0.91398
    0. 0.17302 0.91349
    0. 0.174 0.913
    0. 0.17498 0.91251
    0. 0.17595 0.91202
    0. 0.17693 0.91153
    0. 0.17791 0.91105
    0. 0.17889 0.91056
    0. 0.17986 0.91007
    0. 0.18084 0.90958
    0. 0.18182 0.90909
    0. 0.1828 0.9086
    0. 0.18377 0.90811
    0. 0.18475 0.90762
    0. 0.18573 0.90714
    0. 0.18671 0.90665
    0. 0.18768 0.90616
    0. 0.18866 0.90567
    0. 0.18964 0.90518
    0. 0.19062 0.90469
    0. 0.19159 0.9042
    0. 0.19257 0.90371
    0. 0.19355 0.90323
    0. 0.19453 0.90274
    0. 0.1955 0.90225
    0. 0.19648 0.90176
    0. 0.19746 0.90127
    0. 0.19844 0.90078
    0. 0.19941 0.90029
    0. 0.20039 0.8998
    0. 0.20137 0.89932
    0. 0.20235 0.89883
    0. 0.20332 0.89834
    0. 0.2043 0.89785
    0. 0.20528 0.89736
    0. 0.20626 0.89687
    0. 0.20723 0.89638
    0. 0.20821 0.89589
    0. 0.20919 0.89541
    0. 0.21017 0.89492
    0. 0.21114 0.89443
    0. 0.21212 0.89394
    0. 0.2131 0.89345
    0. 0.21408 0.89296
    0. 0.21505 0.89247
    0. 0.21603 0.89198
    0. 0.21701 0.8915
    0. 0.21799 0.89101
    0. 0.21896 0.89052
    0. 0.21994 0.89003
    0. 0.22092 0.88954
    0. 0.2219 0.88905
    0. 0.22287 0.88856
    0. 0.22385 0.88807
    0. 0.22483 0.88759
    0. 0.22581 0.8871
    0. 0.22678 0.88661
    0. 0.22776 0.88612
    0. 0.22874 0.88563
    0. 0.22972 0.88514
    0. 0.23069 0.88465
    0. 0.23167 0.88416
    0. 0.23265 0.88368
    0. 0.23363 0.88319
    0. 0.2346 0.8827
    0. 0.23558 0.88221
    0. 0.23656 0.88172
    0. 0.23754 0.88123
    0. 0.23851 0.88074
    0. 0.23949 0.88025
    0. 0.24047 0.87977
    0. 0.24145 0.87928
    0. 0.24242 0.87879
    0. 0.2434 0.8783
    0. 0.24438 0.87781
    0. 0.24536 0.87732
    0. 0.24633 0.87683
    0. 0.24731 0.87634
    0. 0.24829 0.87586
    0. 0.24927 0.87537
    0. 0.25024 0.87488
    0. 0.25122 0.87439
    0. 0.2522 0.8739
    0. 0.25318 0.87341
    0. 0.25415 0.87292
    0. 0.25513 0.87243
    0. 0.25611 0.87195
    0. 0.25709 0.87146
    0. 0.25806 0.87097
    0. 0.25904 0.87048
    0. 0.26002 0.86999
    0. 0.261 0.8695
    0. 0.26197 0.86901
    0. 0.26295 0.86852
    0. 0.26393 0.86804
    0. 0.26491 0.86755
    0. 0.26588 0.86706
    0. 0.26686 0.86657
    0. 0.26784 0.86608
    0. 0.26882 0.86559
    0. 0.26979 0.8651
    0. 0.27077 0.86461
    0. 0.27175 0.86413
    0. 0.27273 0.86364
    0. 0.2737 0.86315
    0. 0.27468 0.86266
    0. 0.27566 0.86217
    0. 0.27664 0.86168
    0. 0.27761 0.86119
    0. 0.27859 0.8607
    0. 0.27957 0.86022
    0. 0.28055 0.85973
    0. 0.28152 0.85924
    0. 0.2825 0.85875
    0. 0.28348 0.85826
    0. 0.28446 0.85777
    0. 0.28543 0.85728
    0. 0.28641 0.85679
    0. 0.28739 0.8563
    0. 0.28837 0.85582
    0. 0.28935 0.85533
    0. 0.29032 0.85484
    0. 0.2913 0.85435
    0. 0.29228 0.85386
    0. 0.29326 0.85337
    0. 0.29423 0.85288
    0. 0.29521 0.85239
    0. 0.29619 0.85191
    0. 0.29717 0.85142
    0. 0.29814 0.85093
    0. 0.29912 0.85044
    0. 0.3001 0.84995
    0. 0.30108 0.84946
    0. 0.30205 0.84897
    0. 0.30303 0.84848
    0. 0.30401 0.848
    0. 0.30499 0.84751
    0. 0.30596 0.84702
    0. 0.30694 0.84653
    0. 0.30792 0.84604
    0. 0.3089 0.84555
    0. 0.30987 0.84506
    0. 0.31085 0.84457
    0. 0.31183 0.84409
    0. 0.31281 0.8436
    0. 0.31378 0.84311
    0. 0.31476 0.84262
    0. 0.31574 0.84213
    0. 0.31672 0.84164
    0. 0.31769 0.84115
    0. 0.31867 0.84066
    0. 0.31965 0.84018
    0. 0.32063 0.83969
    0. 0.3216 0.8392
    0. 0.32258 0.83871
    0. 0.32356 0.83822
    0. 0.32454 0.83773
    0. 0.32551 0.83724
    0. 0.32649 0.83675
    0. 0.32747 0.83627
    0. 0.32845 0.83578
    0. 0.32942 0.83529
    0. 0.3304 0.8348
    0. 0.33138 0.83431
